Iteration	CPUTime	PhysTime	Travels	Value	AvValue	MinValue	MaxValue	Delta	Criteria	Progress	dGMaxMin	CriteriaType	CriteriaVarType	CriteriaPercentage
1	9	0	0.00819630008	101324.941	101324.941	101324.941	101324.941	0	0	0	1067.2	0	0	3
2	11	0	0.0163926002	101325.002	101324.971	101324.941	101325.002	0.0303080146	0	0	1224.59	0	0	3
3	13	0	0.0245889002	101324.99	101324.977	101324.941	101325.002	0.0365672887	0	0	1211.07	0	0	3
4	15	0	0.0327852003	101324.983	101324.979	101324.941	101325.002	0.0379589519	0	0	1468.93	0	0	3
5	17	0	0.0409815004	101324.984	101324.98	101324.941	101325.002	0.0390238214	0	0	1656.12	0	0	3
6	19	0	0.0491778005	101324.988	101324.981	101324.941	101325.002	0.0404156636	0	0	1734.1	0	0	3
7	22	0	0.0573741006	101324.988	101324.982	101324.941	101325.002	0.0414096743	0	0	1756.23	0	0	3
8	24	0	0.0655704007	101324.991	101324.983	101324.941	101325.002	0.0424794075	0	0	1728.84	0	0	3
9	26	0	0.0737667007	101324.991	101324.984	101324.941	101325.002	0.0433418053	0	0	1714.53	0	0	3
10	28	0	0.0819630008	101324.995	101324.985	101324.941	101325.002	0.0443798367	0	0	1660.37	0	0	3
11	30	0	0.0901593009	101324.995	101324.986	101324.941	101325.002	0.0452649364	0	0	1620.99	0	0	3
12	32	0	0.098355601	101324.996	101324.987	101324.941	101325.002	0.0460408699	0	0	1549.18	0	0	3
13	34	0	0.106551901	101324.994	101324.987	101324.941	101325.002	0.0465725235	0	0	1480.5	0	0	3
14	36	0	0.114748201	101324.996	101324.988	101324.941	101325.002	0.0472037854	0	0	1382.29	0	0	3
15	38	0	0.122944501	101324.996	101324.989	101324.941	101325.002	0.0476967853	0	0	1292.16	0	0	3
16	40	0	0.131140801	101324.996	101324.989	101324.941	101325.002	0.0481573983	0	0	1209.47	0	0	3
17	42	0	0.139337101	101324.995	101324.989	101324.941	101325.002	0.0484781288	0	0	1132.5	0	0	3
18	44	0	0.147533401	101324.993	101324.99	101324.941	101325.002	0.0486805621	0	0	1043.12	0	0	3
19	46	0	0.155729702	101324.992	101324.99	101324.941	101325.002	0.048816564	0	0	956.494	0	0	3
20	48	0	0.163926002	101324.992	101324.99	101324.941	101325.002	0.0489341536	0	0	860.132	0	0	3
21	50	0	0.172122302	101324.991	101324.99	101324.941	101325.002	0.0490007411	0	0	786.542	0	0	3
22	52	0	0.180318602	101324.993	101324.99	101324.941	101325.002	0.0491226441	0	0	718.531	0	0	3
23	54	0	0.188514902	101324.991	101324.99	101324.941	101325.002	0.0491674137	0	0	657.943	0	0	3
24	56	0	0.196711202	101324.992	101324.99	101324.941	101325.002	0.0492595451	0	0	595.69	0	0	3
25	58	0	0.204907502	101324.993	101324.99	101324.941	101325.002	0.0493757126	0	0	536.486	0	0	3
26	60	0	0.213103802	101324.995	101324.99	101324.941	101325.002	0.0495701082	0	0	506.796	0	0	3
27	62	0	0.221300102	101324.996	101324.991	101324.941	101325.002	0.0497640703	0	0	510.055	0	0	3
28	64	0	0.229496402	101324.996	101324.991	101324.941	101325.002	0.0499519063	0	0	506.487	0	0	3
29	66	0	0.237692702	101324.994	101324.991	101324.941	101325.002	0.0500727372	0	0	509.695	0	0	3
30	67	0	0.245889002	101324.995	101324.991	101324.941	101325.002	0.050191141	0	0	506.175	0	0	3
31	69	0	0.254085303	101324.993	101324.991	101324.941	101325.002	0.0502540957	0	0	508.239	0	0	3
32	71	0	0.262281603	101324.992	101324.991	101324.941	101325.002	0.0502751934	0	0	505.496	0	0	3
33	73	0	0.270477903	101324.988	101324.991	101324.941	101325.002	0.0502751934	0	0	507.386	0	0	3
34	75	0	0.278674203	101324.986	101324.991	101324.941	101325.002	0.0502751934	0	0	505.313	0	0	3
35	77	0	0.286870503	101324.984	101324.991	101324.941	101325.002	0.0502751934	0	0	507.199	0	0	3
36	79	0	0.295066803	101324.982	101324.99	101324.941	101325.002	0.0502751934	0	0	505.586	0	0	3
37	81	0	0.303263103	101324.979	101324.99	101324.941	101325.002	0.0502751934	0	0	506.272	0	0	3
38	83	0	0.311459403	101324.979	101324.99	101324.941	101325.002	0.0502751934	0	0	505.178	0	0	3
39	85	0	0.319655703	101324.977	101324.99	101324.941	101325.002	0.0502751934	0	0	505.514	0	0	3
40	87	0	0.327852003	101324.979	101324.989	101324.941	101325.002	0.0502751934	0	0	504.501	0	0	3
41	89	0	0.336048303	101324.98	101324.989	101324.941	101325.002	0.0502751934	0	0	504.605	0	0	3
42	91	0	0.344244603	101324.978	101324.989	101324.941	101325.002	0.0502751934	0	0	503.981	0	0	3
43	93	0	0.352440904	101324.981	101324.989	101324.941	101325.002	0.0502751934	0	0	504.005	0	0	3
44	95	0	0.360637204	101324.979	101324.988	101324.941	101325.002	0.0502751934	0	0	503.323	0	0	3
45	97	0	0.368833504	101324.978	101324.988	101324.941	101325.002	0.0502751934	0	0	503.526	0	0	3
46	99	0	0.377029804	101324.979	101324.988	101324.941	101325.002	0.0502751934	0	0	502.909	0	0	3
47	101	0	0.385226104	101324.979	101324.988	101324.941	101325.002	0.0502751934	0	0	503.141	0	0	3
48	103	0	0.393422404	101324.982	101324.988	101324.941	101325.002	0.0502751934	0	0	502.588	0	0	3
49	105	0	0.401618704	101324.985	101324.988	101324.941	101325.002	0.0502751934	0	0	502.775	0	0	3
50	107	0	0.409815004	101324.986	101324.988	101324.941	101325.002	0.0502751934	0	0	502.064	0	0	3
51	109	0	0.418011304	101324.986	101324.987	101324.941	101325.002	0.0502751934	0	0	502.125	0	0	3
52	111	0	0.426207604	101324.984	101324.987	101324.941	101325.002	0.0502751934	0	0	501.427	0	0	3
53	113	0	0.434403904	101324.981	101324.987	101324.941	101325.002	0.0502751934	0	0	501.597	0	0	3
54	115	0	0.442600204	101324.976	101324.987	101324.941	101325.002	0.0502751934	0	0	500.878	0	0	3
55	117	0	0.450796505	101324.972	101324.987	101324.941	101325.002	0.0502751934	0	0	501.068	0	0	3
56	119	0	0.458992805	101324.971	101324.987	101324.941	101325.002	0.0502751934	0	0	500.374	0	0	3
57	121	0	0.467189105	101324.975	101324.986	101324.941	101325.002	0.0502751934	0	0	500.621	0	0	3
58	123	0	0.475385405	101324.98	101324.986	101324.941	101325.002	0.0502751934	0	0	499.997	0	0	3
59	125	0	0.483581705	101324.986	101324.986	101324.941	101325.002	0.0502751934	0	0	500.298	0	0	3
60	127	0	0.491778005	101324.988	101324.986	101324.941	101325.002	0.0502751934	0	0	499.685	0	0	3
61	129	0	0.499974305	101324.989	101324.986	101324.941	101325.002	0.0502751934	0	0	500.006	0	0	3
62	130	0	0.508170605	101324.986	101324.986	101324.941	101325.002	0.0502751934	0	0	499.517	0	0	3
63	132	0	0.516366905	101324.984	101324.987	101324.971	101325.002	0.0199671787	0	0	499.691	0	0	3
64	134	0	0.524563205	101324.978	101324.987	101324.971	101324.996	0.0137079047	0	0	498.99	0	0	3
65	136	0	0.532759505	101324.975	101324.986	101324.971	101324.996	0.0123162414	0	0	499.208	0	0	3
66	138	0	0.540955805	101324.977	101324.986	101324.971	101324.996	0.011251372	0	0	498.655	0	0	3
67	140	0	0.549152106	101324.981	101324.986	101324.971	101324.996	0.00985952976	0	0	499.034	0	0	3
68	142	0	0.557348406	101324.982	101324.986	101324.971	101324.996	0.00886551903	0	0	498.516	0	0	3
69	144	0	0.565544706	101324.984	101324.986	101324.971	101324.996	0.00779578586	0	0	498.971	0	0	3
70	146	0	0.573741006	101324.989	101324.986	101324.971	101324.996	0.0069333881	0	0	498.424	0	0	3
71	148	0	0.581937306	101324.988	101324.986	101324.971	101324.996	0.00589535669	0	0	498.896	0	0	3
72	150	0	0.590133606	101324.986	101324.986	101324.971	101324.996	0.00538141611	0	0	498.341	0	0	3
73	152	0	0.598329906	101324.98	101324.986	101324.971	101324.996	0.00561690757	0	0	498.783	0	0	3
74	154	0	0.606526206	101324.973	101324.985	101324.971	101324.996	0.00597866173	0	0	498.31	0	0	3
75	156	0	0.614722506	101324.973	101324.985	101324.971	101324.996	0.00631471655	0	0	498.681	0	0	3
76	158	0	0.622918806	101324.972	101324.984	101324.971	101324.996	0.00670981727	0	0	498.238	0	0	3
77	160	0	0.631115106	101324.976	101324.984	101324.971	101324.996	0.00702436012	0	0	498.621	0	0	3
78	162	0	0.639311406	101324.981	101324.984	101324.971	101324.996	0.00727194073	0	0	498.128	0	0	3
79	164	0	0.647507707	101324.986	101324.984	101324.971	101324.996	0.00741395647	0	0	498.628	0	0	3
80	166	0	0.655704007	101324.991	101324.984	101324.971	101324.996	0.00744721736	0	0	498.219	0	0	3
81	168	0	0.663900307	101324.99	101324.984	101324.971	101324.996	0.00748708687	0	0	498.562	0	0	3
82	170	0	0.672096607	101324.984	101324.984	101324.971	101324.996	0.00761563962	0	0	498.113	0	0	3
83	172	0	0.680292907	101324.977	101324.983	101324.971	101324.996	0.00784415737	0	0	498.506	0	0	3
84	174	0	0.688489207	101324.975	101324.983	101324.971	101324.996	0.00813576338	0	0	498.119	0	0	3
85	176	0	0.696685507	101324.972	101324.983	101324.971	101324.996	0.00845117574	0	0	498.59	0	0	3
86	178	0	0.704881807	101324.974	101324.982	101324.971	101324.996	0.00875029824	0	0	498.211	0	0	3
87	180	0	0.713078107	101324.976	101324.982	101324.971	101324.996	0.00902134138	0	0	498.652	0	0	3
88	182	0	0.721274407	101324.982	101324.982	101324.971	101324.996	0.00924336024	0	0	498.214	0	0	3
89	184	0	0.729470707	101324.985	101324.982	101324.971	101324.996	0.00941741841	0	0	498.549	0	0	3
90	186	0	0.737667007	101324.986	101324.982	101324.971	101324.995	0.00957508176	0	0	498.021	0	0	3
91	188	0	0.745863308	101324.986	101324.981	101324.971	101324.995	0.00971386886	0	0	498.428	0	0	3
92	190	0	0.754059608	101324.984	101324.981	101324.971	101324.993	0.0098849526	0	0	497.909	0	0	3
93	192	0	0.762255908	101324.982	101324.981	101324.971	101324.992	0.010069768	0	0	498.336	0	0	3
94	193	0	0.770452208	101324.98	101324.981	101324.971	101324.991	0.0101573005	0	0	497.841	0	0	3
95	195	0	0.778648508	101324.979	101324.981	101324.971	101324.991	0.0101488741	0	0	498.236	0	0	3
96	197	0	0.786844808	101324.981	101324.981	101324.971	101324.991	0.0100257361	0	0	497.653	0	0	3
97	199	0	0.795041108	101324.98	101324.981	101324.971	101324.991	0.00983095328	0	0	498.007	0	0	3
98	201	0	0.803237408	101324.981	101324.981	101324.971	101324.991	0.00951984356	0	0	497.479	0	0	3
99	203	0	0.811433708	101324.981	101324.981	101324.971	101324.991	0.00921425385	0	0	498.013	0	0	3
100	205	0	0.819630008	101324.984	101324.981	101324.971	101324.991	0.00888170548	0	0	497.644	0	0	3
101	208	0	0.827826308	101324.985	101324.981	101324.971	101324.991	0.00860798679	0	0	498.221	0	0	3
102	210	0	0.836022608	101324.984	101324.981	101324.971	101324.991	0.00838012395	0	0	497.917	0	0	3
103	212	0	0.844218909	101324.984	101324.981	101324.971	101324.991	0.00812289216	0	0	498.211	0	0	3
104	214	0	0.852415209	101324.98	101324.981	101324.971	101324.991	0.00793618971	0	0	497.742	0	0	3
105	216	0	0.860611509	101324.975	101324.981	101324.971	101324.991	0.00772478219	0	0	498.122	0	0	3
106	218	0	0.868807809	101324.975	101324.981	101324.971	101324.991	0.00748933047	0	0	497.719	0	0	3
107	220	0	0.877004109	101324.974	101324.981	101324.971	101324.991	0.00728208489	0	0	498.138	0	0	3
108	222	0	0.885200409	101324.978	101324.981	101324.971	101324.991	0.00708913076	0	0	497.751	0	0	3
109	224	0	0.893396709	101324.978	101324.981	101324.971	101324.991	0.00696788443	0	0	498.219	0	0	3
110	227	0	0.901593009	101324.985	101324.981	101324.971	101324.991	0.00690772035	0	0	497.815	0	0	3
111	229	0	0.909789309	101324.984	101324.981	101324.971	101324.991	0.0068740178	0	0	498.3	0	0	3
112	231	0	0.917985609	101324.986	101324.981	101324.971	101324.991	0.00683858494	0	0	497.81	0	0	3
113	234	0	0.926181909	101324.982	101324.981	101324.971	101324.991	0.00676633079	0	0	498.26	0	0	3
114	236	0	0.934378209	101324.98	101324.981	101324.971	101324.991	0.00664861812	0	0	497.774	0	0	3
115	238	0	0.94257451	101324.978	101324.981	101324.971	101324.991	0.00644808137	0	0	498.2	0	0	3
116	241	0	0.95077081	101324.979	101324.981	101324.971	101324.991	0.00633537426	0	0	497.695	0	0	3
117	243	0	0.95896711	101324.975	101324.981	101324.971	101324.991	0.00633537426	0	0	498.095	0	0	3
118	245	0	0.96716341	101324.977	101324.981	101324.972	101324.991	0.00633537426	0	0	497.559	0	0	3
119	248	0	0.97535971	101324.981	101324.981	101324.972	101324.991	0.00633537426	0	0	497.859	0	0	3
120	250	0	0.98355601	101324.986	101324.981	101324.972	101324.991	0.00633537426	0	0	497.292	0	0	3
121	253	0	0.99175231	101324.989	101324.981	101324.972	101324.991	0.00633537426	0	0	497.78	0	0	3
122	255	0	0.99994861	101324.987	101324.981	101324.972	101324.991	0.00633537426	0	0	497.393	0	0	3
123	257	0	1.00814491	101324.982	101324.981	101324.972	101324.991	0.00633537426	0.00101324982	15.9	497.987	0	0	3
124	259	0	1.01634121	101324.978	101324.981	101324.972	101324.991	0.00633537426	0.00101324978	15.9	497.699	0	0	3
125	262	0	1.02453751	101324.975	101324.981	101324.972	101324.991	0.00595363893	0.00101324975	17	498.188	0	0	3
126	264	0	1.03273381	101324.976	101324.981	101324.972	101324.991	0.00571331388	0.00101324976	17.7	497.9	0	0	3
127	266	0	1.04093011	101324.98	101324.981	101324.972	101324.991	0.00561819796	0.0010132498	18	498.35	0	0	3
128	269	0	1.04912641	101324.984	101324.981	101324.972	101324.991	0.00555940229	0.00101324984	18.2	498.098	0	0	3
129	271	0	1.05732271	101324.985	101324.981	101324.972	101324.991	0.00546172503	0.00101324985	18.5	498.543	0	0	3
130	273	0	1.06551901	101324.987	101324.981	101324.972	101324.991	0.00539406974	0.00101324987	18.7	498.227	0	0	3
131	276	0	1.07371531	101324.986	101324.981	101324.972	101324.991	0.00536237685	0.00101324986	18.8	498.607	0	0	3
132	278	0	1.08191161	101324.986	101324.981	101324.972	101324.991	0.0053106462	0.00101324986	19	498.259	0	0	3
133	280	0	1.09010791	101324.982	101324.981	101324.972	101324.991	0.00517042015	0.00101324982	19.5	498.621	0	0	3
134	283	0	1.09830421	101324.982	101324.981	101324.972	101324.991	0.00493492869	0.00101324982	20.5	498.105	0	0	3
135	285	0	1.10650051	101324.98	101324.981	101324.972	101324.991	0.00457317452	0.0010132498	22.1	498.423	0	0	3
136	287	0	1.11469681	101324.982	101324.981	101324.972	101324.991	0.00423711971	0.00101324982	23.9	497.926	0	0	3
137	290	0	1.12289311	101324.979	101324.981	101324.972	101324.991	0.00384201898	0.00101324979	26.3	498.379	0	0	3
138	292	0	1.13108941	101324.981	101324.981	101324.972	101324.991	0.00352747613	0.00101324981	28.7	497.968	0	0	3
139	294	0	1.13928571	101324.981	101324.981	101324.972	101324.991	0.00327989552	0.00101324981	30.8	498.355	0	0	3
140	297	0	1.14748201	101324.984	101324.981	101324.972	101324.991	0.00313787979	0.00101324984	32.2	497.911	0	0	3
141	299	0	1.15567831	101324.983	101324.981	101324.972	101324.991	0.0031046189	0.00101324983	32.6	498.333	0	0	3
142	301	0	1.16387461	101324.984	101324.981	101324.972	101324.99	0.00306474938	0.00101324984	33	497.896	0	0	3
143	303	0	1.17207091	101324.981	101324.981	101324.972	101324.989	0.00293619663	0.00101324981	34.5	498.314	0	0	3
144	305	0	1.18026721	101324.981	101324.981	101324.972	101324.989	0.00270767888	0.00101324981	37.4	497.951	0	0	3
145	307	0	1.18846351	101324.98	101324.981	101324.972	101324.989	0.00241607288	0.0010132498	41.9	498.421	0	0	3
146	309	0	1.19665981	101324.979	101324.981	101324.972	101324.989	0.00210066051	0.00101324979	48.2	498.055	0	0	3
147	311	0	1.20485611	101324.983	101324.981	101324.974	101324.989	0.00180153802	0.00101324983	56.2	498.43	0	0	3
148	313	0	1.21305241	101324.983	101324.982	101324.974	101324.989	0.00153049488	0.00101324983	66.2	498.04	0	0	3
149	315	0	1.22124871	101324.982	101324.982	101324.974	101324.989	0.00130847601	0.00101324982	77.4	498.533	0	0	3
150	317	0	1.22944501	101324.983	101324.982	101324.974	101324.989	0.00113441785	0.00101324983	89.3	498.149	0	0	3
151	319	0	1.23764131	101324.982	101324.982	101324.974	101324.989	0.000980736484	0.00101324982	100	498.557	0	0	3
152	321	0	1.24583761	101324.984	101324.982	101324.974	101324.989	0.000980736484	0.00101324984	100	498.114	0	0	3
153	323	0	1.25403391	101324.979	101324.981	101324.974	101324.989	0.000980736484	0.00101324979	100	498.597	0	0	3
154	325	0	1.26223021	101324.977	101324.981	101324.974	101324.989	0.000980736484	0.00101324977	100	498.444	0	0	3
155	327	0	1.27042651	101324.977	101324.981	101324.974	101324.989	0.000980736484	0.00101324977	100	498.903	0	0	3
156	329	0	1.27862281	101324.979	101324.981	101324.974	101324.989	0.000980736484	0.00101324979	100	498.734	0	0	3
157	331	0	1.28681911	101324.983	101324.981	101324.974	101324.989	0.000980736484	0.00101324983	100	499.001	0	0	3
158	333	0	1.29501541	101324.985	101324.981	101324.974	101324.989	0.000980736484	0.00101324985	100	498.721	0	0	3
159	335	0	1.30321171	101324.984	101324.981	101324.974	101324.989	0.000980736484	0.00101324984	100	499.014	0	0	3
160	337	0	1.31140801	101324.982	101324.981	101324.974	101324.989	0.0009413964	0.00101324982	100	498.733	0	0	3
161	339	0	1.31960431	101324.978	101324.981	101324.974	101324.989	0.000907259295	0.00101324978	100	499.039	0	0	3
162	341	0	1.32780061	101324.979	101324.981	101324.974	101324.989	0.000907259295	0.00101324979	100	498.504	0	0	3
163	343	0	1.33599691	101324.979	101324.981	101324.974	101324.989	0.000907259295	0.00101324979	100	498.852	0	0	3
164	345	0	1.34419321	101324.981	101324.981	101324.974	101324.989	0.000907259295	0.00101324981	100	498.356	0	0	3
165	347	0	1.35238951	101324.982	101324.981	101324.974	101324.989	0.000907259295	0.00101324982	100	498.779	0	0	3
166	349	0	1.36058581	101324.986	101324.981	101324.974	101324.989	0.000907259295	0.00101324986	100	498.303	0	0	3
167	351	0	1.36878211	101324.986	101324.981	101324.974	101324.989	0.000907259295	0.00101324986	100	498.701	0	0	3
168	353	0	1.37697841	101324.987	101324.982	101324.974	101324.989	0.000907259295	0.00101324987	100	498.199	0	0	3
169	355	0	1.38517471	101324.984	101324.982	101324.975	101324.989	0.00103002044	0.00101324984	98.3	498.673	0	0	3
170	357	0	1.39337101	101324.984	101324.982	101324.975	101324.989	0.00112680667	0.00101324984	89.9	498.182	0	0	3
171	359	0	1.40156731	101324.981	101324.982	101324.975	101324.989	0.00117515743	0.00101324981	86.2	498.542	0	0	3
172	361	0	1.40976361	101324.98	101324.982	101324.975	101324.989	0.00117515743	0.0010132498	86.2	497.995	0	0	3
173	364	0	1.41795991	101324.976	101324.982	101324.975	101324.989	0.00117515743	0.00101324976	86.2	498.423	0	0	3
174	366	0	1.42615621	101324.975	101324.982	101324.975	101324.989	0.00117515743	0.00101324975	86.2	497.912	0	0	3
175	369	0	1.43435251	101324.973	101324.981	101324.973	101324.989	0.00117515743	0.00101324973	86.2	498.387	0	0	3
176	371	0	1.44254881	101324.976	101324.981	101324.973	101324.989	0.00117515743	0.00101324976	86.2	498.281	0	0	3
177	374	0	1.45074511	101324.98	101324.981	101324.973	101324.989	0.00116669235	0.0010132498	86.8	498.621	0	0	3
178	376	0	1.45894141	101324.984	101324.981	101324.973	101324.989	0.00116669235	0.00101324984	86.8	498.347	0	0	3
179	378	0	1.46713771	101324.986	101324.982	101324.973	101324.989	0.00116669235	0.00101324986	86.8	498.727	0	0	3
180	381	0	1.47533401	101324.986	101324.982	101324.973	101324.989	0.00116669235	0.00101324986	86.8	498.414	0	0	3
181	383	0	1.48353031	101324.981	101324.982	101324.973	101324.989	0.00116669235	0.00101324981	86.8	498.717	0	0	3
182	385	0	1.49172662	101324.979	101324.982	101324.973	101324.989	0.00116669235	0.00101324979	86.8	498.353	0	0	3
183	388	0	1.49992292	101324.978	101324.981	101324.973	101324.987	0.00116669235	0.00101324978	86.8	498.842	0	0	3
184	390	0	1.50811922	101324.976	101324.981	101324.973	101324.987	0.00116669235	0.00101324976	86.8	498.638	0	0	3
185	392	0	1.51631552	101324.979	101324.981	101324.973	101324.987	0.00116669235	0.00101324979	86.8	499.148	0	0	3
186	394	0	1.52451182	101324.982	101324.981	101324.973	101324.987	0.00116669235	0.00101324982	86.8	499.032	0	0	3
187	396	0	1.53270812	101324.985	101324.981	101324.973	101324.987	0.00116669235	0.00101324985	86.8	499.487	0	0	3
188	398	0	1.54090442	101324.985	101324.982	101324.973	101324.987	0.00109091653	0.00101324985	92.8	499.337	0	0	3
189	400	0	1.54910072	101324.98	101324.982	101324.973	101324.987	0.00100543151	0.0010132498	100	499.69	0	0	3
